-0.000031
-0.000031
-0.000031
0.000000
0.000000
0.000000
-0.000031
-0.000031
-0.000031
-0.000031
-0.000031
-0.000031
0.000000
0.000000
-0.000031
-0.000031
-0.000031
0.000000
0.000000
0.000000
0.000000
0.000000
0.000000
0.000000
0.000000
0.000000
-0.000031
-0.000031
-0.000031
-0.000031
0.000000
0.000000
0.000000
0.000000
0.000000
0.000000
0.000000
0.000000
-0.000031
-0.000031
0.000000
0.000000
0.000000
0.000000
0.000000
0.000000
0.000000
0.000000
-0.000031
-0.000031
-0.000031
0.000000
0.000000
0.000000
0.000000
0.000000
-0.000031
-0.000031
-0.000031
-0.000031
0.000000
0.000000
0.000000
0.000000
0.000000
0.000000
0.000000
0.000000
-0.000031
-0.000031
-0.000031
-0.000031
-0.000031
-0.000031
-0.000031
-0.000031
-0.000031
-0.000031
0.000000
0.000000
0.000000
-0.000031
-0.000031
-0.000031
0.000000
0.000000
-0.000031
0.000000
0.000000
0.000000
0.000000
-0.000031
-0.000031
0.000000
0.000000
0.000000
-0.000031
-0.000031
-0.000031
0.000000
0.000000
0.000000
0.000000
-0.000031
-0.000031
-0.000031
0.000000
0.000000
0.000000
0.000000
0.000000
0.000000
0.000000
0.000000
-0.000031
-0.000031
-0.000031
0.000000
0.000000
0.000000
0.000000
0.000000
-0.000031
-0.000031
-0.000031
0.000000
0.000000
-0.000031
-0.000031
-0.000031
-0.000031
0.000000
0.000000
0.000000
0.000000
0.000000
0.000000
0.000000
0.000000
0.000000
0.000000
0.000000
-0.000031
-0.000031
-0.000031
0.000000
0.000000
0.000000
0.000000
-0.000031
-0.000031
-0.000031
0.000000
0.000000
0.000000
0.000000
0.000000
0.000000
0.000000
-0.000031
-0.000031
-0.000031
-0.000031
0.000000
0.000000
0.000000
0.000000
0.000000
-0.000031
-0.000031
-0.000031
-0.000031
0.000000
0.000000
0.000000
0.000000
0.000000
0.000000
-0.000031
-0.000031
-0.000031
-0.000031
-0.000031
-0.000031
0.000000
0.000000
0.000000
0.000000
0.000000
0.000000
0.000000
-0.000031
-0.000031
-0.000031
-0.000031
-0.000031
0.000000
0.000000
0.000000
0.000000
0.000000
0.000000
0.000000
0.000000
0.000000
0.000000
0.000000
0.000000
0.000000
-0.000031
-0.000031
-0.000031
-0.000031
0.000000
0.000000
0.000000
0.000000
0.000000
0.000000
0.000000
0.000000
-0.000031
-0.000031
-0.000031
-0.000031
-0.000031
0.000000
0.000000
0.000000
-0.000031
0.000000
0.000000
0.000000
0.000000
0.000000
-0.000031
-0.000031
-0.000031
-0.000031
0.000000
0.000000
0.000000
-0.000031
-0.000031
-0.000031
0.000000
0.000000
0.000000
-0.000031
-0.000031
-0.000031
-0.000031
-0.000031
0.000000
0.000000
0.000000
0.000000
-0.000031
-0.000031
-0.000031
-0.000031
0.000000
0.000000
0.000000
0.000000
0.000000
0.000000
0.000000
0.000000
-0.000031
-0.000031
-0.000031
-0.000031
-0.000031
-0.000031
-0.000031
0.000000
0.000000
0.000000
0.000000
0.000000
0.000000
0.000000
0.000000
0.000000
0.000000
0.000000
0.000000
0.000000
0.000000
0.000000
0.000000
0.000000
0.000000
0.000000
-0.000031
-0.000031
-0.000031
-0.000031
-0.000031
-0.000031
-0.000031
-0.000031
-0.000031
-0.000031
-0.000031
-0.000031
0.000000
0.000000
0.000000
0.000000
0.000000
0.000000
0.000000
0.000000
0.000000
-0.000031
0.000000
0.000000
0.000000
0.000000
0.000000
0.000000
0.000000
0.000000
0.000000
0.000000
-0.000031
-0.000031
0.000000
0.000000
0.000000
-0.000031
-0.000031
-0.000031
0.000000
0.000000
0.000000
0.000000
0.000000
-0.000031
-0.000031
0.000000
0.000000
0.000000
-0.000031
-0.000031
0.000000
0.000000
0.000000
0.000000
0.000000
0.000000
-0.000031
-0.000031
-0.000031
0.000000
0.000000
0.000000
0.000000
-0.000031
-0.000031
0.000000
0.000000
0.000000
-0.000031
-0.000031
0.000000
0.000000
0.000000
0.000031
0.000000
0.000000
0.000000
0.000000
0.000000
0.000000
-0.000031
-0.000031
-0.000031
-0.000031
-0.000031
-0.000031
-0.000031
-0.000031
-0.000031
-0.000031
0.000000
0.000000
0.000000
0.000000
0.000000
0.000000
0.000000
0.000000
-0.000031
-0.000031
-0.000031
-0.000031
0.000000
0.000000
0.000000
0.000000
0.000000
0.000000
0.000000
0.000000
0.000000
0.000000
0.000000
0.000000
0.000000
0.000000
0.000000
0.000000
0.000000
-0.000031
0.000000
0.000000
0.000000
0.000000
0.000000
-0.000031
0.000000
0.000000
0.000000
0.000000
0.000000
0.000000
0.000000
0.000000
0.000000
0.000000
0.000000
0.000000
0.000000
0.000000
0.000000
-0.000031
-0.000031
-0.000031
0.000000
0.000000
0.000000
0.000000
0.000000
0.000000
0.000000
-0.000031
-0.000031
0.000000
0.000000
0.000000
0.000000
0.000000
-0.000031
-0.000031
0.000000
0.000000
0.000000
0.000000
0.000000
0.000000
0.000000
0.000000
0.000000
-0.000031
-0.000031
-0.000031
0.000000
0.000000
0.000000
0.000000
0.000000
0.000000
0.000000
0.000000
0.000000
0.000000
0.000000
0.000000
0.000000
0.000000
0.000000
0.000000
0.000000
0.000000
-0.000031
-0.000031
-0.000031
-0.000031
-0.000031
-0.000031
0.000000
0.000000
0.000000
0.000000
0.000000
-0.000031
-0.000031
-0.000031
0.000000
0.000000
0.000000
0.000000
0.000000
0.000000
0.000000
0.000000
0.000000
0.000000
0.000000
-0.000031
-0.000031
-0.000031
0.000000
0.000000
0.000000
-0.000031
-0.000031
0.000000
0.000000
0.000000
0.000000
-0.000031
-0.000031
-0.000031
0.000000
0.000000
0.000000
0.000000
0.000000
0.000000
0.000000
0.000000
-0.000031
-0.000031
0.000000
0.000000
0.000000
0.000000
-0.000031
-0.000031
-0.000031
-0.000031
0.000000
0.000000
0.000000
0.000000
0.000000
-0.000031
-0.000031
-0.000031
-0.000031
-0.000031
-0.000031
-0.000031
-0.000031
-0.000031
0.000000
0.000000
0.000000
0.000000
0.000000
0.000000
0.000000
0.000000
0.000000
0.000000
0.000000
0.000000
0.000000
0.000000
0.000000
0.000000
0.000000
0.000000
-0.000031
-0.000031
0.000000
0.000000
0.000000
0.000000
0.000000
0.000000
-0.000031
-0.000031
-0.000031
0.000000
0.000000
0.000000
0.000000
0.000000
0.000000
-0.000031
-0.000031
0.000000
0.000000
0.000000
0.000000
0.000000
0.000000
0.000000
-0.000031
-0.000031
-0.000031
-0.000031
-0.000031
-0.000031
-0.000061
-0.000031
-0.000031
-0.000031
-0.000031
-0.000031
-0.000061
-0.000061
-0.000061
-0.000092
-0.000153
-0.000336
-0.000580
-0.000916
-0.001251
-0.001587
-0.001923
-0.002228
-0.002533
-0.002808
-0.003052
-0.003265
-0.003449
-0.003540
-0.003601
-0.003571
-0.003510
-0.003418
-0.003265
-0.003082
-0.002960
-0.002899
-0.002930
-0.002960
-0.003052
-0.003113
-0.003174
-0.003204
-0.003235
-0.003204
-0.003174
-0.003113
-0.003113
-0.003082
-0.003113
-0.003113
-0.003143
-0.003174
-0.003204
-0.003235
-0.003235
-0.003235
-0.003235
-0.003235
-0.003204
-0.003174
-0.003174
-0.003143
-0.003143
-0.003143
-0.003143
-0.003143
-0.003143
-0.003174
-0.003174
-0.003204
-0.003204
-0.003174
-0.003174
-0.003174
-0.003204
-0.003204
-0.003204
-0.003204
-0.003204
-0.003204
-0.003204
-0.003204
-0.003235
-0.003235
-0.003204
-0.003204
-0.003174
-0.003204
-0.003204
-0.003204
-0.003204
-0.003204
-0.003204
-0.003204
-0.003204
-0.003174
-0.003174
-0.003143
-0.003174
-0.003174
-0.003174
-0.003174
-0.003174
-0.003113
-0.003021
-0.002899
-0.002716
-0.002503
-0.002197
-0.001862
-0.001465
-0.001038
-0.000610
-0.000183
0.000153
0.000336
0.000366
0.000214
0.000031
-0.000153
-0.000275
-0.000305
-0.000275
-0.000183
-0.000122
-0.000092
-0.000092
-0.000092
-0.000122
-0.000153
-0.000153
-0.000153
-0.000153
-0.000122
-0.000092
-0.000092
-0.000092
-0.000122
-0.000122
-0.000153
-0.000153
-0.000153
-0.000122
-0.000122
-0.000092
-0.000092
-0.000092
-0.000092
-0.000092
-0.000122
-0.000122
-0.000122
-0.000122
-0.000122
-0.000122
-0.000092
-0.000092
-0.000092
-0.000092
-0.000092
-0.000092
-0.000092
-0.000092
-0.000061
-0.000061
-0.000061
-0.000061
-0.000061
-0.000092
-0.000092
-0.000092
-0.000092
-0.000122
-0.000092
-0.000092
-0.000061
-0.000061
-0.000061
-0.000031
-0.000031
-0.000031
-0.000031
-0.000031
-0.000031
-0.000031
-0.000031
0.000000
0.000000
0.000000
0.000000
-0.000031
-0.000031
-0.000031
0.000000
0.000031
0.000061
0.000092
0.000122
0.000153
0.000153
0.000122
0.000092
0.000031
0.000000
0.000000
-0.000031
-0.000031
-0.000031
-0.000031
0.000000
0.000000
0.000031
0.000031
0.000031
0.000000
0.000000
0.000000
0.000031
0.000031
0.000000
0.000000
0.000000
0.000000
0.000031
0.000031
0.000000
0.000000
0.000000
0.000000
0.000000
0.000000
0.000000
0.000031
0.000031
0.000031
0.000031
0.000031
0.000031
0.000031
0.000031
0.000031
0.000031
0.000031
0.000031
0.000031
0.000031
0.000031
0.000031
0.000031
0.000000
0.000000
-0.000031
-0.000031
0.000000
0.000000
0.000031
0.000031
0.000031
0.000031
0.000000
0.000000
-0.000031
0.000000
0.000000
0.000000
0.000031
0.000031
0.000031
0.000000
0.000000
0.000000
0.000000
0.000000
0.000000
0.000031
0.000031
0.000031
0.000000
0.000000
0.000000
0.000000
0.000000
0.000000
0.000000
0.000031
0.000031
0.000031
0.000031
0.000031
0.000000
0.000000
0.000000
-0.000031
-0.000031
0.000000
0.000000
0.000031
0.000031
0.000031
0.000031
0.000000
0.000000
0.000000
0.000000
0.000000
0.000000
0.000000
0.000000
0.000000
0.000000
0.000000
0.000000
0.000000
0.000031
0.000000
0.000000
-0.000031
-0.000031
0.000000
0.000031
0.000031
0.000000
-0.000031
-0.000031
0.000000
0.000000
0.000000
0.000000
-0.000031
-0.000031
0.000000
0.000000
0.000000
0.000000
-0.000031
-0.000031
-0.000031
0.000000
0.000000
0.000000
0.000000
0.000000
0.000000
0.000000
0.000000
0.000000
0.000000
0.000000
-0.000031
0.000000
0.000000
0.000000
0.000000
0.000000
0.000000
0.000000
0.000000
0.000000
0.000000
0.000000
0.000000
0.000000
-0.000031
-0.000031
0.000000
0.000000
0.000000
0.000000
0.000000
0.000000
0.000000
0.000000
0.000000
0.000000
0.000000
0.000000
0.000000
0.000000
0.000000
0.000000
-0.000031
-0.000031
-0.000031
-0.000031
0.000000
0.000000
-0.000031
-0.000031
-0.000031
0.000000
0.000000
0.000000
0.000000
0.000000
0.000000
0.000000
0.000000
0.000000
0.000000
0.000000
0.000000
0.000000
0.000000
0.000000
0.000000
0.000000
0.000000
0.000000
0.000000
0.000000
0.000000
-0.000031
-0.000031
0.000000
0.000000
0.000000
0.000000
0.000000
0.000000
0.000000
-0.000031
-0.000031
-0.000031
0.000000
0.000000
0.000000
0.000000
-0.000031
-0.000031
-0.000031
-0.000031
-0.000031
0.000000
0.000000
0.000000
0.000000
-0.000031
-0.000031
0.000000
0.000000
0.000000
0.000000
0.000000
0.000000
0.000000
0.000000
0.000000
0.000000
0.000000
0.000000
0.000000
0.000000
0.000000
0.000000
0.000000
0.000000
0.000000
0.000000
0.000000
0.000000
0.000000
-0.000031
-0.000031
0.000000
0.000000
0.000000
0.000000
0.000000
0.000000
0.000000
0.000000
0.000000
0.000000
0.000000
-0.000031
-0.000031
-0.000031
0.000000
0.000000
0.000000
0.000000
0.000000
0.000000
0.000000
0.000000
0.000000
0.000000
0.000000
0.000000
0.000000
0.000000
0.000000
0.000000
0.000000
0.000000
0.000000
-0.000031
-0.000031
-0.000031
0.000000
0.000000
0.000000
0.000000
0.000000
-0.000031
-0.000031
-0.000031
-0.000031
0.000000
0.000000
0.000000
0.000000
0.000000
0.000000
0.000000
0.000000
-0.000031
-0.000031
0.000000
0.000000
0.000000
0.000000
0.000000
0.000000
0.000000
0.000000
0.000000
0.000000
0.000000
0.000000
0.000000
0.000000
0.000000
0.000000
0.000000
0.000000
0.000000
0.000000
0.000000
-0.000031
-0.000031
-0.000031
0.000000
0.000000
0.000000
0.000000
0.000000
0.000000
0.000000
0.000000
0.000000
0.000000
0.000000
0.000000
0.000000
0.000000
-0.000031
-0.000031
-0.000031
-0.000031
-0.000031
-0.000031
0.000000
0.000000
0.000000
0.000000
0.000000
0.000000
0.000000
0.000000
0.000000
0.000000
0.000000
0.000000
0.000000
0.000000
0.000000
-0.000031
-0.000031
0.000000
0.000000
0.000000
0.000000
0.000000
0.000000
0.000000
0.000000
0.000000
0.000000
-0.000031
-0.000031
-0.000031
-0.000031
0.000000
0.000000
0.000000
0.000000
0.000000
0.000000
0.000000
0.000000
0.000000
0.000000
0.000000
0.000000
0.000000
0.000000
0.000000
0.000000
0.000000
-0.000031
-0.000031
-0.000031
0.000000
0.000000
0.000000
0.000000
0.000000
0.000000
-0.000031
-0.000031
-0.000031
-0.000031
-0.000031
-0.000031
-0.000031
0.000000
0.000000
-0.000031
-0.000031
-0.000031
0.000000
0.000000
0.000000
0.000000
0.000000
0.000000
0.000000
0.000000
0.000000
-0.000031
-0.000031
-0.000031
-0.000031
-0.000031
