0.000000
0.000000
0.000000
0.000000
0.000000
0.000076
0.000076
0.000076
0.000000
0.000000
-0.000076
-0.000076
-0.000076
-0.000153
-0.000153
-0.000153
-0.000153
-0.000153
-0.000076
-0.000076
-0.000076
-0.000153
-0.000153
-0.000076
-0.000076
-0.000076
-0.000076
-0.000153
-0.000153
-0.000305
-0.000458
-0.000610
-0.000763
-0.000916
-0.001144
-0.001373
-0.001602
-0.001907
-0.002136
-0.002441
-0.002670
-0.002976
-0.003204
-0.003433
-0.003662
-0.003815
-0.003891
-0.003891
-0.003967
-0.003967
-0.004044
-0.004044
-0.004044
-0.004044
-0.004044
-0.004044
-0.004044
-0.004120
-0.004120
-0.004196
-0.004196
-0.004196
-0.004120
-0.004120
-0.004044
-0.004044
-0.004044
-0.003967
-0.003967
-0.003967
-0.003967
-0.003967
-0.003891
-0.003891
-0.003815
-0.003815
-0.003739
-0.003739
-0.003739
-0.003739
-0.003739
-0.003739
-0.003739
-0.003815
-0.003891
-0.003891
-0.003891
-0.003891
-0.003891
-0.003891
-0.003891
-0.003891
-0.003815
-0.003815
-0.003815
-0.003815
-0.003815
-0.003815
-0.003815
-0.003815
-0.003891
-0.003891
-0.003891
-0.003891
-0.003891
-0.003815
-0.003815
-0.003739
-0.003662
-0.003586
-0.003510
-0.003433
-0.003357
-0.003281
-0.003204
-0.003204
-0.003128
-0.003052
-0.002976
-0.002899
-0.002823
-0.002747
-0.002670
-0.002518
-0.002365
-0.002289
-0.002136
-0.001984
-0.001755
-0.001602
-0.001373
-0.001221
-0.001068
-0.000839
-0.000687
-0.000534
-0.000381
-0.000229
-0.000153
-0.000076
0.000000
0.000076
0.000076
0.000000
0.000000
0.000000
0.000000
-0.000076
0.000000
0.000000
0.000000
0.000000
0.000000
0.000000
0.000000
0.000000
0.000000
0.000000
0.000000
0.000000
0.000076
0.000076
0.000076
0.000000
0.000000
0.000000
0.000000
0.000000
-0.000076
-0.000153
-0.000153
-0.000229
-0.000229
-0.000153
-0.000153
-0.000153
-0.000076
-0.000076
-0.000076
-0.000076
-0.000076
-0.000153
-0.000153
-0.000153
-0.000229
-0.000305
-0.000458
-0.000610
-0.000763
-0.000992
-0.001144
-0.001373
-0.001602
-0.001907
-0.002213
-0.002441
-0.002747
-0.002976
-0.003204
-0.003433
-0.003586
-0.003739
-0.003891
-0.003967
-0.003967
-0.003967
-0.003967
-0.004044
-0.004044
-0.004044
-0.004044
-0.004120
-0.004120
-0.004120
-0.004196
-0.004120
-0.004120
-0.004120
-0.004120
-0.004120
-0.004044
-0.004044
-0.004044
-0.004044
-0.004044
-0.004044
-0.004044
-0.003967
-0.003967
-0.003891
-0.003815
-0.003739
-0.003739
-0.003739
-0.003739
-0.003739
-0.003739
-0.003815
-0.003815
-0.003891
-0.003891
-0.003891
-0.003891
-0.003891
-0.003891
-0.003891
-0.003891
-0.003891
-0.003891
-0.003891
-0.003891
-0.003891
-0.003815
-0.003815
-0.003815
-0.003815
-0.003891
-0.003891
-0.003891
-0.003891
-0.003891
-0.003815
-0.003815
-0.003739
-0.003662
-0.003586
-0.003510
-0.003433
-0.003357
-0.003357
-0.003281
-0.003204
-0.003128
-0.003052
-0.002976
-0.002899
-0.002823
-0.002747
-0.002594
-0.002518
-0.002365
-0.002213
-0.002060
-0.001907
-0.001755
-0.001602
-0.001373
-0.001221
-0.001068
-0.000839
-0.000687
-0.000534
-0.000381
-0.000229
-0.000153
-0.000076
0.000000
0.000076
0.000076
0.000076
0.000000
-0.000076
-0.000076
-0.000076
0.000000
0.000000
0.000000
0.000000
0.000000
0.000000
0.000000
0.000000
0.000000
0.000000
0.000000
0.000000
0.000000
0.000000
0.000076
0.000076
0.000076
0.000000
-0.000076
-0.000076
-0.000076
-0.000153
-0.000229
-0.000229
-0.000229
-0.000229
-0.000153
-0.000153
-0.000076
-0.000076
-0.000076
-0.000076
-0.000076
-0.000076
-0.000076
-0.000076
-0.000229
-0.000305
-0.000458
-0.000610
-0.000763
-0.000916
-0.001144
-0.001373
-0.001602
-0.001907
-0.002213
-0.002518
-0.002747
-0.002976
-0.003204
-0.003433
-0.003662
-0.003815
-0.003891
-0.003891
-0.003891
-0.003967
-0.003967
-0.004044
-0.004044
-0.004044
-0.004044
-0.004120
-0.004120
-0.004120
-0.004196
-0.004196
-0.004120
-0.004120
-0.004120
-0.004120
-0.004044
-0.004044
-0.004044
-0.003967
-0.003967
-0.003967
-0.003967
-0.003967
-0.003891
-0.003815
-0.003815
-0.003739
-0.003739
-0.003739
-0.003739
-0.003739
-0.003739
-0.003815
-0.003815
-0.003891
-0.003891
-0.003891
-0.003891
-0.003891
-0.003891
-0.003891
-0.003815
-0.003815
-0.003815
-0.003891
-0.003815
-0.003815
-0.003815
-0.003815
-0.003815
-0.003891
-0.003891
-0.003891
-0.003891
-0.003815
-0.003815
-0.003815
-0.003815
-0.003739
-0.003662
-0.003586
-0.003433
-0.003357
-0.003357
-0.003281
-0.003204
-0.003128
-0.003052
-0.003052
-0.002976
-0.002899
-0.002823
-0.002670
-0.002594
-0.002441
-0.002365
-0.002213
-0.002060
-0.001907
-0.001755
-0.001526
-0.001373
-0.001221
-0.001068
-0.000839
-0.000687
-0.000534
-0.000381
-0.000305
-0.000153
-0.000076
0.000000
0.000076
0.000076
0.000000
0.000000
-0.000076
-0.000076
-0.000076
-0.000076
0.000000
0.000000
0.000000
0.000000
0.000000
0.000000
0.000000
0.000000
0.000000
0.000000
0.000076
0.000000
0.000000
0.000000
-0.000076
-0.000076
0.000000
0.000000
0.000000
-0.000076
-0.000076
-0.000153
-0.000153
-0.000153
-0.000153
-0.000153
-0.000153
-0.000153
-0.000076
-0.000076
-0.000076
-0.000076
-0.000076
-0.000076
-0.000076
-0.000153
-0.000305
-0.000458
-0.000610
-0.000839
-0.000992
-0.001221
-0.001450
-0.001679
-0.001907
-0.002136
-0.002441
-0.002747
-0.002976
-0.003281
-0.003433
-0.003662
-0.003815
-0.003967
-0.003967
-0.003967
-0.003967
-0.003967
-0.004044
-0.004044
-0.004044
-0.004044
-0.004044
-0.004044
-0.004120
-0.004120
-0.004196
-0.004196
-0.004196
-0.004196
-0.004120
-0.004044
-0.004044
-0.004044
-0.004044
-0.003967
-0.003967
-0.003967
-0.003967
-0.003967
-0.003891
-0.003815
-0.003815
-0.003739
-0.003815
-0.003815
-0.003739
-0.003739
-0.003815
-0.003815
-0.003815
-0.003815
-0.003891
-0.003891
-0.003891
-0.003891
-0.003891
-0.003891
-0.003891
-0.003891
-0.003891
-0.003815
-0.003815
-0.003815
-0.003815
-0.003815
-0.003891
-0.003891
-0.003891
-0.003891
-0.003891
-0.003815
-0.003815
-0.003739
-0.003739
-0.003662
-0.003586
-0.003510
-0.003433
-0.003433
-0.003357
-0.003281
-0.003204
-0.003204
-0.003128
-0.003052
-0.002976
-0.002823
-0.002747
-0.002594
-0.002518
-0.002365
-0.002213
-0.001984
-0.001831
-0.001679
-0.001602
-0.001450
-0.001221
-0.001068
-0.000839
-0.000687
-0.000534
-0.000381
-0.000229
-0.000076
0.000000
0.000076
0.000076
0.000000
0.000000
-0.000076
-0.000076
-0.000076
-0.000076
-0.000076
0.000000
0.000000
0.000000
0.000000
0.000000
-0.000076
-0.000076
-0.000076
-0.000076
0.000000
0.000000
0.000076
0.000076
0.000000
0.000000
0.000000
0.000000
-0.000076
-0.000076
-0.000153
-0.000153
-0.000153
-0.000153
-0.000153
-0.000153
-0.000153
-0.000076
-0.000076
-0.000076
-0.000076
-0.000076
-0.000153
-0.000153
-0.000153
-0.000153
-0.000229
-0.000305
-0.000458
-0.000610
-0.000839
-0.000992
-0.001144
-0.001373
-0.001679
-0.001907
-0.002213
-0.002518
-0.002747
-0.002976
-0.003204
-0.003433
-0.003662
-0.003815
-0.003815
-0.003891
-0.003891
-0.003891
-0.003967
-0.004044
-0.004044
-0.004044
-0.004044
-0.004044
-0.004120
-0.004120
-0.004196
-0.004196
-0.004196
-0.004120
-0.004120
-0.004120
-0.004044
-0.004044
-0.004044
-0.004044
-0.004044
-0.003967
-0.003967
-0.003891
-0.003891
-0.003815
-0.003815
-0.003815
-0.003739
-0.003739
-0.003662
-0.003662
-0.003739
-0.003739
-0.003815
-0.003815
-0.003815
-0.003891
-0.003891
-0.003891
-0.003891
-0.003891
-0.003891
-0.003891
-0.003815
-0.003815
-0.003815
-0.003815
-0.003815
-0.003815
-0.003815
-0.003815
-0.003891
-0.003891
-0.003891
-0.003891
-0.003815
-0.003815
-0.003739
-0.003662
-0.003662
-0.003586
-0.003510
-0.003433
-0.003433
-0.003281
-0.003204
-0.003128
-0.003052
-0.003052
-0.002976
-0.002899
-0.002747
-0.002670
-0.002594
-0.002441
-0.002289
-0.002136
-0.002060
-0.001907
-0.001755
-0.001602
-0.001373
-0.001144
-0.000992
-0.000839
-0.000687
-0.000458
-0.000381
-0.000229
-0.000153
-0.000076
0.000000
0.000076
0.000076
0.000076
0.000000
-0.000076
-0.000076
-0.000076
-0.000076
0.000000
0.000000
0.000000
0.000000
0.000000
0.000000
0.000000
0.000000
0.000000
0.000000
0.000000
0.000076
0.000076
0.000076
0.000076
0.000076
0.000000
-0.000076
-0.000076
-0.000153
-0.000153
-0.000153
-0.000229
-0.000153
-0.000153
-0.000153
-0.000153
-0.000076
-0.000076
-0.000076
-0.000076
-0.000076
-0.000076
-0.000076
-0.000153
-0.000229
-0.000305
-0.000458
-0.000610
-0.000763
-0.000992
-0.001221
-0.001450
-0.001679
-0.001984
-0.002213
-0.002518
-0.002823
-0.003052
-0.003357
-0.003586
-0.003739
-0.003891
-0.003967
-0.003967
-0.003967
-0.003967
-0.003967
-0.003967
-0.004044
-0.004044
-0.004044
-0.004044
-0.004044
-0.004120
-0.004120
-0.004120
-0.004120
-0.004120
-0.004120
-0.004044
-0.004044
-0.004044
-0.004044
-0.004044
-0.003967
-0.003967
-0.003967
-0.003891
-0.003891
-0.003891
-0.003815
-0.003815
-0.003739
-0.003739
-0.003739
-0.003739
-0.003739
-0.003815
-0.003815
-0.003891
-0.003891
-0.003891
-0.003891
-0.003891
-0.003891
-0.003891
-0.003891
-0.003891
-0.003891
-0.003891
-0.003815
-0.003815
-0.003891
-0.003891
-0.003891
-0.003891
-0.003815
-0.003815
-0.003815
-0.003815
-0.003815
-0.003815
-0.003739
-0.003739
-0.003662
-0.003510
-0.003433
-0.003357
-0.003357
-0.003357
-0.003281
-0.003204
-0.003052
-0.002976
-0.002976
-0.002899
-0.002823
-0.002747
-0.002594
-0.002441
-0.002365
-0.002213
-0.002060
-0.001831
-0.001679
-0.001526
-0.001373
-0.001221
-0.000992
-0.000839
-0.000687
-0.000534
-0.000381
-0.000229
-0.000153
-0.000076
0.000000
0.000076
0.000076
0.000000
-0.000076
-0.000076
-0.000076
-0.000076
0.000000
0.000000
-0.000076
-0.000076
0.000000
0.000000
0.000000
0.000000
0.000000
0.000000
0.000000
0.000000
0.000000
0.000076
0.000076
0.000076
0.000000
0.000000
-0.000076
-0.000076
-0.000076
-0.000153
-0.000153
-0.000153
-0.000153
-0.000153
-0.000153
-0.000229
-0.000153
-0.000153
-0.000076
-0.000076
-0.000076
-0.000076
-0.000076
-0.000076
-0.000229
-0.000305
-0.000458
-0.000687
-0.000839
-0.000992
-0.001221
-0.001450
-0.001679
-0.001984
-0.002289
-0.002518
-0.002823
-0.003052
-0.003281
-0.003510
-0.003739
-0.003891
-0.003891
-0.003891
-0.003891
-0.003967
-0.003967
-0.004044
-0.004044
-0.004044
-0.004044
-0.004044
-0.004120
-0.004120
-0.004196
-0.004196
-0.004196
-0.004196
-0.004120
-0.004120
-0.004044
-0.004044
-0.004044
-0.004044
-0.004044
-0.004044
-0.003967
-0.003967
-0.003891
-0.003891
-0.003815
-0.003815
-0.003815
-0.003739
-0.003739
-0.003739
-0.003739
-0.003739
-0.003739
-0.003815
-0.003815
-0.003891
-0.003891
-0.003891
-0.003891
-0.003891
-0.003891
-0.003891
-0.003891
-0.003815
-0.003815
-0.003815
-0.003815
-0.003891
-0.003891
-0.003891
-0.003891
-0.003815
-0.003815
-0.003815
-0.003815
-0.003815
-0.003739
-0.003662
-0.003662
-0.003586
-0.003510
-0.003433
-0.003357
-0.003281
-0.003204
-0.003204
-0.003128
-0.003052
-0.002976
-0.002899
-0.002747
-0.002670
-0.002594
-0.002441
-0.002365
-0.002213
-0.002060
-0.001831
-0.001679
-0.001526
-0.001373
-0.001221
-0.000992
-0.000839
-0.000610
-0.000534
-0.000381
-0.000229
-0.000153
0.000000
0.000000
0.000000
0.000000
0.000000
0.000000
-0.000076
-0.000076
-0.000076
-0.000076
0.000000
0.000000
0.000000
0.000000
-0.000076
0.000000
0.000000
0.000000
0.000000
0.000000
0.000000
0.000000
0.000076
0.000076
0.000000
0.000000
0.000000
0.000000
-0.000076
-0.000076
-0.000153
-0.000153
-0.000153
-0.000153
-0.000153
-0.000153
-0.000153
-0.000076
-0.000076
-0.000076
-0.000153
-0.000153
-0.000153
-0.000153
-0.000153
-0.000229
-0.000305
-0.000458
-0.000610
-0.000839
-0.001068
-0.001297
-0.001526
-0.001755
-0.001984
-0.002289
-0.002518
-0.002823
-0.003052
-0.003281
-0.003510
-0.003739
-0.003891
-0.003967
-0.003967
-0.003967
-0.004044
-0.004044
-0.004044
-0.004044
-0.004044
-0.004044
-0.004120
-0.004120
-0.004120
-0.004120
-0.004120
-0.004120
-0.004120
-0.004120
-0.004120
-0.004044
-0.004044
-0.003967
-0.003967
-0.003967
-0.003967
-0.003967
-0.003891
-0.003891
-0.003815
-0.003815
-0.003815
-0.003739
-0.003739
-0.003739
-0.003739
-0.003739
-0.003815
-0.003815
-0.003815
-0.003815
-0.003891
-0.003891
-0.003891
-0.003891
-0.003891
-0.003891
-0.003891
-0.003891
-0.003891
-0.003891
-0.003891
-0.003815
-0.003815
-0.003815
-0.003815
-0.003891
-0.003891
-0.003891
-0.003891
-0.003815
-0.003815
-0.003815
-0.003739
-0.003662
-0.003586
-0.003510
-0.003433
-0.003357
-0.003281
-0.003204
-0.003204
-0.003128
-0.003052
-0.002976
-0.002899
-0.002823
-0.002747
-0.002594
-0.002441
-0.002365
-0.002213
-0.002060
-0.001907
-0.001755
-0.001526
-0.001373
-0.001144
-0.000992
-0.000839
-0.000687
-0.000534
-0.000381
-0.000229
-0.000153
-0.000076
0.000000
0.000076
0.000076
0.000000
-0.000076
-0.000076
-0.000076
-0.000076
0.000000
0.000000
0.000000
0.000000
-0.000076
-0.000076
-0.000076
-0.000076
0.000000
0.000000
