-0.003540
-0.003540
-0.003540
-0.003540
-0.003510
-0.003479
-0.003418
-0.003388
-0.003357
-0.003327
-0.003327
-0.003296
-0.003296
-0.003296
-0.003265
-0.003265
-0.003235
-0.003235
-0.003235
-0.003265
-0.003235
-0.003235
-0.003235
-0.003235
-0.003235
-0.003235
-0.003235
-0.003235
-0.003265
-0.003265
-0.003265
-0.003265
-0.003265
-0.003296
-0.003296
-0.003296
-0.003296
-0.003296
-0.003296
-0.003327
-0.003327
-0.003327
-0.003327
-0.003327
-0.003327
-0.003327
-0.003327
-0.003357
-0.003357
-0.003357
-0.003357
-0.003357
-0.003327
-0.003327
-0.003296
-0.003235
-0.003174
-0.003113
-0.003052
-0.002960
-0.002838
-0.002716
-0.002564
-0.002441
-0.002258
-0.002014
-0.001770
-0.001495
-0.001282
-0.001099
-0.000916
-0.000732
-0.000549
-0.000427
-0.000305
-0.000214
-0.000183
-0.000122
-0.000092
-0.000031
-0.000031
0.000000
0.000000
0.000000
-0.000031
-0.000031
-0.000061
-0.000061
-0.000092
-0.000061
-0.000061
-0.000031
-0.000061
-0.000061
-0.000061
-0.000061
-0.000061
-0.000061
-0.000061
-0.000092
-0.000061
-0.000061
-0.000061
-0.000061
-0.000061
-0.000061
-0.000061
-0.000031
-0.000031
-0.000031
-0.000031
-0.000031
-0.000031
-0.000061
-0.000061
-0.000061
-0.000061
-0.000061
-0.000061
-0.000061
-0.000061
-0.000092
-0.000092
-0.000061
-0.000061
-0.000061
-0.000061
-0.000061
-0.000031
-0.000031
-0.000031
-0.000031
0.000000
0.000000
0.000000
-0.000092
-0.000214
-0.000397
-0.000549
-0.000732
-0.000916
-0.001129
-0.001434
-0.001740
-0.002075
-0.002380
-0.002655
-0.002930
-0.003143
-0.003327
-0.003449
-0.003540
-0.003571
-0.003540
-0.003540
-0.003571
-0.003571
-0.003571
-0.003571
-0.003540
-0.003479
-0.003449
-0.003418
-0.003388
-0.003357
-0.003327
-0.003327
-0.003296
-0.003296
-0.003296
-0.003265
-0.003265
-0.003235
-0.003235
-0.003235
-0.003235
-0.003235
-0.003235
-0.003235
-0.003235
-0.003235
-0.003265
-0.003265
-0.003296
-0.003296
-0.003296
-0.003296
-0.003296
-0.003296
-0.003296
-0.003265
-0.003296
-0.003296
-0.003327
-0.003327
-0.003327
-0.003327
-0.003327
-0.003327
-0.003357
-0.003357
-0.003357
-0.003357
-0.003357
-0.003357
-0.003357
-0.003327
-0.003327
-0.003327
-0.003296
-0.003265
-0.003204
-0.003143
-0.003082
-0.002991
-0.002899
-0.002808
-0.002686
-0.002533
-0.002380
-0.002167
-0.001923
-0.001648
-0.001404
-0.001190
-0.001007
-0.000824
-0.000671
-0.000488
-0.000366
-0.000275
-0.000214
-0.000153
-0.000122
-0.000061
-0.000031
0.000000
0.000000
0.000000
-0.000031
-0.000031
-0.000061
-0.000061
-0.000061
-0.000061
-0.000061
-0.000061
-0.000061
-0.000061
-0.000061
-0.000061
-0.000061
-0.000061
-0.000061
-0.000061
-0.000061
-0.000061
-0.000061
-0.000061
-0.000031
-0.000031
-0.000031
-0.000061
-0.000061
-0.000061
-0.000061
-0.000031
-0.000031
-0.000031
-0.000061
-0.000061
-0.000092
-0.000061
-0.000061
-0.000061
-0.000061
-0.000092
-0.000092
-0.000061
-0.000061
-0.000061
-0.000061
-0.000061
-0.000031
0.000000
0.000000
0.000000
0.000000
0.000000
0.000000
0.000000
-0.000061
-0.000183
-0.000336
-0.000488
-0.000671
-0.000855
-0.001099
-0.001373
-0.001679
-0.002014
-0.002319
-0.002625
-0.002899
-0.003143
-0.003327
-0.003449
-0.003510
-0.003540
-0.003571
-0.003540
-0.003540
-0.003540
-0.003571
-0.003571
-0.003540
-0.003510
-0.003449
-0.003418
-0.003357
-0.003357
-0.003327
-0.003327
-0.003327
-0.003327
-0.003296
-0.003296
-0.003265
-0.003235
-0.003235
-0.003204
-0.003235
-0.003235
-0.003235
-0.003235
-0.003235
-0.003235
-0.003235
-0.003235
-0.003265
-0.003265
-0.003296
-0.003296
-0.003296
-0.003265
-0.003296
-0.003296
-0.003327
-0.003296
-0.003296
-0.003296
-0.003327
-0.003327
-0.003327
-0.003327
-0.003327
-0.003327
-0.003357
-0.003357
-0.003357
-0.003357
-0.003357
-0.003357
-0.003357
-0.003327
-0.003296
-0.003265
-0.003204
-0.003174
-0.003082
-0.002991
-0.002899
-0.002808
-0.002716
-0.002594
-0.002411
-0.002197
-0.001953
-0.001709
-0.001465
-0.001251
-0.001038
-0.000855
-0.000702
-0.000519
-0.000397
-0.000275
-0.000214
-0.000183
-0.000122
-0.000061
-0.000031
0.000000
0.000000
-0.000031
-0.000031
-0.000031
-0.000031
-0.000031
-0.000031
-0.000061
-0.000061
-0.000061
-0.000061
-0.000061
-0.000061
-0.000061
-0.000061
-0.000061
-0.000061
-0.000061
-0.000061
-0.000061
-0.000061
-0.000061
-0.000031
-0.000031
-0.000031
-0.000061
-0.000061
-0.000031
-0.000031
-0.000031
-0.000031
-0.000031
-0.000031
-0.000061
-0.000061
-0.000092
-0.000092
-0.000092
-0.000061
-0.000061
-0.000061
-0.000061
-0.000061
-0.000061
-0.000061
-0.000061
-0.000061
-0.000031
-0.000031
0.000000
0.000000
0.000000
0.000000
-0.000031
-0.000061
-0.000183
-0.000336
-0.000519
-0.000702
-0.000885
-0.001099
-0.001373
-0.001679
-0.002014
-0.002319
-0.002625
-0.002869
-0.003082
-0.003296
-0.003418
-0.003510
-0.003540
-0.003571
-0.003540
-0.003571
-0.003571
-0.003571
-0.003571
-0.003540
-0.003510
-0.003449
-0.003418
-0.003388
-0.003388
-0.003357
-0.003327
-0.003296
-0.003296
-0.003296
-0.003296
-0.003265
-0.003235
-0.003235
-0.003235
-0.003235
-0.003235
-0.003235
-0.003204
-0.003204
-0.003204
-0.003235
-0.003235
-0.003235
-0.003265
-0.003265
-0.003265
-0.003265
-0.003265
-0.003296
-0.003296
-0.003296
-0.003296
-0.003296
-0.003296
-0.003327
-0.003327
-0.003327
-0.003296
-0.003327
-0.003357
-0.003357
-0.003357
-0.003357
-0.003357
-0.003357
-0.003357
-0.003357
-0.003327
-0.003296
-0.003265
-0.003235
-0.003174
-0.003082
-0.002991
-0.002899
-0.002808
-0.002686
-0.002564
-0.002411
-0.002197
-0.001953
-0.001709
-0.001465
-0.001251
-0.001068
-0.000885
-0.000702
-0.000519
-0.000366
-0.000275
-0.000214
-0.000153
-0.000122
-0.000092
-0.000031
0.000000
0.000000
-0.000031
-0.000031
-0.000061
-0.000031
-0.000031
-0.000061
-0.000061
-0.000092
-0.000092
-0.000061
-0.000061
-0.000061
-0.000061
-0.000061
-0.000061
-0.000061
-0.000061
-0.000061
-0.000061
-0.000061
-0.000061
-0.000061
-0.000061
-0.000061
-0.000061
-0.000061
-0.000061
-0.000061
-0.000031
-0.000031
-0.000031
-0.000031
-0.000031
-0.000061
-0.000061
-0.000061
-0.000061
-0.000061
-0.000061
-0.000092
-0.000061
-0.000061
-0.000061
-0.000061
-0.000031
-0.000031
0.000000
0.000000
0.000000
-0.000031
-0.000031
-0.000031
-0.000031
-0.000122
-0.000244
-0.000427
-0.000580
-0.000732
-0.000946
-0.001190
-0.001495
-0.001831
-0.002136
-0.002441
-0.002716
-0.002991
-0.003204
-0.003357
-0.003479
-0.003540
-0.003540
-0.003540
-0.003540
-0.003571
-0.003571
-0.003571
-0.003571
-0.003510
-0.003479
-0.003449
-0.003418
-0.003388
-0.003357
-0.003327
-0.003296
-0.003296
-0.003296
-0.003265
-0.003265
-0.003235
-0.003235
-0.003235
-0.003235
-0.003235
-0.003235
-0.003235
-0.003204
-0.003204
-0.003235
-0.003235
-0.003235
-0.003265
-0.003265
-0.003265
-0.003265
-0.003265
-0.003296
-0.003296
-0.003296
-0.003327
-0.003327
-0.003327
-0.003327
-0.003327
-0.003327
-0.003327
-0.003327
-0.003327
-0.003327
-0.003357
-0.003357
-0.003357
-0.003357
-0.003357
-0.003327
-0.003327
-0.003296
-0.003265
-0.003235
-0.003174
-0.003113
-0.003052
-0.002991
-0.002899
-0.002777
-0.002655
-0.002503
-0.002319
-0.002106
-0.001831
-0.001587
-0.001343
-0.001160
-0.000977
-0.000793
-0.000610
-0.000458
-0.000336
-0.000244
-0.000214
-0.000153
-0.000122
-0.000061
0.000000
0.000000
0.000000
-0.000031
-0.000031
-0.000061
-0.000061
-0.000031
-0.000061
-0.000061
-0.000061
-0.000061
-0.000061
-0.000061
-0.000061
-0.000061
-0.000061
-0.000092
-0.000092
-0.000092
-0.000061
-0.000061
-0.000061
-0.000061
-0.000061
-0.000061
-0.000061
-0.000061
-0.000031
-0.000031
-0.000031
-0.000031
-0.000061
-0.000061
-0.000061
-0.000061
-0.000061
-0.000061
-0.000061
-0.000061
-0.000061
-0.000061
-0.000061
-0.000061
-0.000061
-0.000061
-0.000061
-0.000061
-0.000031
0.000000
0.000000
-0.000031
-0.000031
-0.000031
-0.000031
-0.000031
-0.000092
-0.000214
-0.000366
-0.000519
-0.000671
-0.000885
-0.001129
-0.001404
-0.001709
-0.002045
-0.002350
-0.002625
-0.002899
-0.003113
-0.003327
-0.003449
-0.003510
-0.003540
-0.003540
-0.003540
-0.003540
-0.003571
-0.003571
-0.003540
-0.003510
-0.003479
-0.003449
-0.003418
-0.003388
-0.003357
-0.003327
-0.003327
-0.003327
-0.003296
-0.003296
-0.003265
-0.003235
-0.003235
-0.003235
-0.003235
-0.003235
-0.003235
-0.003235
-0.003235
-0.003235
-0.003235
-0.003235
-0.003235
-0.003265
-0.003265
-0.003265
-0.003265
-0.003265
-0.003265
-0.003265
-0.003296
-0.003296
-0.003327
-0.003327
-0.003327
-0.003327
-0.003327
-0.003327
-0.003327
-0.003357
-0.003357
-0.003357
-0.003357
-0.003357
-0.003327
-0.003327
-0.003327
-0.003327
-0.003327
-0.003327
-0.003265
-0.003235
-0.003143
-0.003052
-0.002991
-0.002899
-0.002808
-0.002686
-0.002564
-0.002380
-0.002167
-0.001923
-0.001648
-0.001404
-0.001190
-0.001007
-0.000824
-0.000671
-0.000519
-0.000366
-0.000275
-0.000214
-0.000153
-0.000092
-0.000061
-0.000031
0.000000
0.000000
0.000000
-0.000031
-0.000031
-0.000061
-0.000061
-0.000061
-0.000061
-0.000061
-0.000061
-0.000061
-0.000061
-0.000061
-0.000061
-0.000061
-0.000092
-0.000092
-0.000092
-0.000061
-0.000061
-0.000031
-0.000031
-0.000061
-0.000061
-0.000061
-0.000061
-0.000061
-0.000031
-0.000031
-0.000031
-0.000031
-0.000031
-0.000031
-0.000031
-0.000061
-0.000061
-0.000092
-0.000092
-0.000092
-0.000061
-0.000061
-0.000061
-0.000061
-0.000061
-0.000061
-0.000031
-0.000031
-0.000031
-0.000031
-0.000031
0.000000
0.000000
0.000000
-0.000031
-0.000122
-0.000244
-0.000397
-0.000549
-0.000732
-0.000946
-0.001190
-0.001495
-0.001801
-0.002106
-0.002411
-0.002716
-0.002960
-0.003204
-0.003388
-0.003479
-0.003540
-0.003571
-0.003571
-0.003540
-0.003540
-0.003540
-0.003540
-0.003540
-0.003540
-0.003479
-0.003449
-0.003388
-0.003357
-0.003357
-0.003357
-0.003327
-0.003327
-0.003296
-0.003296
-0.003265
-0.003265
-0.003235
-0.003235
-0.003235
-0.003235
-0.003235
-0.003235
-0.003235
-0.003235
-0.003235
-0.003235
-0.003265
-0.003265
-0.003265
-0.003296
-0.003265
-0.003265
-0.003296
-0.003296
-0.003296
-0.003296
-0.003296
-0.003296
-0.003296
-0.003327
-0.003327
-0.003327
-0.003327
-0.003327
-0.003327
-0.003357
-0.003357
-0.003357
-0.003357
-0.003357
-0.003357
-0.003357
-0.003327
-0.003265
-0.003235
-0.003174
-0.003143
-0.003082
-0.002991
-0.002899
-0.002777
-0.002655
-0.002503
-0.002350
-0.002136
-0.001862
-0.001617
-0.001373
-0.001160
-0.000977
-0.000793
-0.000641
-0.000488
-0.000336
-0.000244
-0.000183
-0.000153
-0.000092
-0.000061
-0.000031
0.000000
-0.000031
-0.000031
-0.000031
-0.000031
-0.000031
-0.000031
-0.000061
-0.000061
-0.000092
-0.000092
-0.000061
-0.000061
-0.000061
-0.000061
-0.000061
-0.000061
-0.000061
-0.000061
-0.000061
-0.000061
-0.000061
-0.000061
-0.000061
-0.000061
-0.000061
-0.000061
-0.000061
-0.000061
-0.000031
-0.000031
-0.000031
-0.000061
-0.000061
-0.000061
-0.000061
-0.000061
-0.000061
-0.000061
-0.000061
-0.000061
-0.000061
-0.000092
-0.000061
-0.000061
-0.000061
-0.000031
-0.000031
0.000000
0.000000
0.000000
0.000000
0.000000
-0.000031
-0.000061
-0.000122
-0.000244
-0.000397
-0.000549
-0.000732
-0.000916
-0.001190
-0.001495
-0.001801
-0.002106
-0.002411
-0.002716
-0.002991
-0.003204
-0.003357
-0.003449
-0.003510
-0.003540
-0.003571
-0.003571
-0.003571
-0.003540
-0.003540
-0.003540
-0.003540
-0.003510
-0.003449
-0.003388
-0.003357
-0.003357
-0.003327
-0.003327
-0.003327
-0.003327
-0.003296
-0.003265
-0.003235
-0.003235
-0.003235
-0.003235
-0.003265
-0.003235
-0.003235
-0.003235
-0.003235
-0.003235
-0.003235
-0.003235
-0.003235
-0.003265
-0.003265
-0.003296
-0.003296
-0.003296
-0.003296
-0.003296
-0.003296
-0.003296
-0.003296
-0.003296
-0.003296
-0.003296
-0.003327
-0.003357
-0.003357
-0.003357
-0.003357
-0.003357
-0.003327
-0.003357
-0.003357
-0.003357
-0.003357
-0.003327
-0.003296
-0.003265
-0.003204
-0.003143
-0.003082
-0.002991
-0.002899
-0.002777
-0.002655
-0.002503
-0.002350
-0.002136
-0.001862
-0.001587
-0.001373
-0.001160
-0.000977
-0.000793
-0.000610
-0.000458
-0.000336
-0.000244
-0.000214
-0.000153
-0.000122
-0.000061
0.000000
0.000000
0.000000
-0.000031
-0.000061
-0.000031
-0.000031
-0.000031
-0.000061
-0.000061
-0.000061
-0.000061
-0.000061
-0.000061
-0.000061
-0.000061
-0.000092
-0.000092
-0.000061
-0.000061
-0.000061
-0.000061
-0.000061
-0.000061
-0.000061
-0.000031
-0.000031
-0.000061
-0.000061
-0.000061
-0.000061
-0.000031
-0.000061
-0.000061
-0.000061
-0.000061
-0.000061
-0.000061
-0.000092
-0.000092
-0.000092
-0.000061
-0.000061
-0.000061
-0.000061
-0.000061
-0.000061
-0.000061
-0.000031
-0.000031
0.000000
0.000000
0.000000
-0.000031
-0.000031
-0.000061
-0.000092
-0.000214
-0.000366
-0.000519
-0.000702
-0.000916
-0.001190
-0.001465
-0.001770
-0.002106
-0.002380
-0.002686
-0.002960
-0.003174
-0.003357
-0.003449
-0.003540
-0.003540
-0.003540
-0.003540
-0.003540
-0.003571
-0.003571
