873.159
753.476
767.238
756.055
768.549
775.245
845.396
1066.6
1262.81
733.338
769.066
778.24
733.285
739.595
769.183
743.702
751.339
745.23
782.954
742.908
743.733
768.866
743.688
743.917
755.283
773.11
751.314
738.576
736.892
948.593
755.011
837.897
721.712
795.638
762.564
769.67
737.184
751.531
749.76
742.729
1619.76
1158.02
743.744
753.921
752.574
759.809
733.016
772.035
759.804
751.985
750.463
734.468
746.941
775.521
758.962
761.819
734.318
732.017
758.082
745.975
907.495
768.317
757.099
754.972
835.786
745.695
769.641
740.861
752.689
746.806
776.413
743.152
765.783
981.427
1612.84
998.664
734.085
754.762
768.489
757.29
757.012
754.116
740.669
774.053
768.155
1308.92
753.313
740.03
742.634
760.626
746.098
753.574
721.017
750.241
774.108
751.787
740.116
760.588
747.67
776.501
744.77
757.667
762.556
740.356
756.146
774.027
793.207
765.957
760.23
712.277
744.846
751.842
744.8
724.555
751.8
752.868
787.576
751.039
807.695
748.094
760.558
1014.33
745.889
726.037
756.219
722.359
748.656
754.102
757.061
745.627
762.138
748.049
759.83
739.885
721.719
769.328
757.018
755.985
775.628
758.089
735.987
756.849
2011.55
1072.24
753.485
741.214
753.688
744.716
761.484
759.424
778.538
906.609
790.648
757.7
1420.18
1241.98
778.033
759.683
788.28
758.94
749.323
744.353
742.981
741.076
779.296
752.271
753.23
755.859
746.249
753.784
751.249
750.66
724.413
723.291
758.396
767.602
728.186
785.049
773.374
746.417
734.164
808.358
874.638
730.37
771.427
751.776
781.459
758.11
741.517
841.073
1523.46
1109.86
770.808
731.417
767.511
750.918
776.742
735.025
728.471
769.051
771.752
754.365
764.674
742.853
770.866
732.26
734.326
735.187
792.055
745.289
744.801
743.79
976.655
1822.68
801.77
805.232
778.475
745.538
759.658
750.625
750.306
754.54
768.176
744.581
738.363
769.602
767.043
762.298
773.988
751.734
750.79
775.771
748.863
783.167
779.391
766.462
751.529
754.903
753.378
742.059
756.438
765.494
775.653
735.257
1049.1
710.313
756.134
763.628
754.875
788.624
782.154
740.282
761.439
757.634
761.272
731.228
755.652
753.616
758.95
754.277
770.016
1631.45
1418.85
728.128
777.507
760.864
760.246
765.254
845.869
787.238
753.68
723.742
763.078
1070.8
775.725
1130.98
1927.06
738.333
747.845
749.74
755.778
742.003
750.431
755.593
778.805
757.622
757.508
755.261
743.166
741.029
736.527
757.34
750.802
756.082
756.038
753.528
791.096
764.582
872.304
1469.23
803.403
760.252
1022.38
746.354
769.534
739.263
745.352
750.748
753.079
767.841
722.292
759.022
763.159
764.402
766.398
742.472
769.254
744.056
738.82
1142.56
741.449
778.993
750.264
718.516
761.445
758.352
744.059
773.927
740.644
744.031
734.157
746.073
743.203
746.839
744.382
755.623
759.956
747.704
948.473
1269.07
771.107
1084.87
739.882
741.786
771.34
750.085
769.703
761.569
989.443
1060.05
736.558
734.013
724.383
747.728
754.247
764.692
749.825
758.182
758.852
748.089
741.431
769.553
730.504
753.768
739.86
759.577
740.603
760.539
756.883
735.236
720.054
760.875
739.877
750.555
1343.54
1396.21
762.014
761.971
760.885
736.48
1028.86
724.725
759.365
737.426
759.659
764.759
746.258
746.38
794.03
730.385
746.973
753.609
770.688
729.072
788.602
741.013
765.957
759.641
748.008
747.842
761.08
750.355
773.941
752.921
2164.04
786.399
1426.87
1228.59
759.72
751.708
1039.41
747.18
755.293
740.091
781.574
751.699
761.803
762.864
734.067
757.016
759.754
774.71
767.298
743.725
766.701
764.03
724.069
742.392
754.625
758.055
725.391
767.331
772.744
767.139
754.053
782.897
742.805
722.592
763.409
740.116
763.545
761.665
776.353
969.161
797.032
1387.59
1110.42
776.554
762.596
740.533
763.651
755.456
727.42
734.505
759.854
727.269
766.679
737.321
747.738
764.656
742.727
996.123
777.669
764.317
772.784
764.787
769.9
761.181
723.831
779.127
764.152
766.276
745.184
730.335
744.957
741.05
759.953
747.493
758.352
761.633
749.963
747.315
736.87
739.271
767.937
748.648
764.45
754.715
819.044
1291.24
1348.65
733.695
762.132
787.76
756.567
753.021
745.512
746.671
763.107
761.137
769.503
764.169
771.542
752.36
756.037
736.66
756.68
742.195
1096.3
717.751
769.133
736.264
739.218
822.191
1383.37
1056.1
764.021
755.917
743.25
814.005
739.94
740.937
1052.81
748.133
746.44
761.908
769.451
760.111
1067.1
862.863
975.486
879.029
722.887
787.929
778.432
757.375
755.597
778.858
750.025
753.65
763.912
754.769
774.887
743.098
742.518
756.091
734.263
760.886
725.039
735.667
781.629
735.121
736.216
752.617
989.725
730.597
741.579
740.993
758.293
767.854
719.974
748.752
1239.12
1633.46
747.879
756.183
763.461
739.887
734.882
774.122
745.133
727.754
750.405
762.606
740.304
739.496
719.542
725.236
788.258
716.849
755.976
757.912
743.154
723.626
1101.28
737.12
728.935
765.841
760.678
776.545
736.949
737.58
814.081
1762.92
785.874
720.098
751.08
761.214
748.722
769.332
762.253
718.867
764.329
736.462
751.404
749.865
791.395
747.894
751.764
740.494
757.129
748.934
776.462
1643.63
1235.64
812.132
799.201
755.683
733.444
753.974
779.238
746.271
774.006
760.449
756.128
746.98
713.804
755.492
752.072
749.827
730.047
740.378
734.265
756.415
769.651
745.911
757.341
743.727
726.213
740.043
791.88
735.251
727.319
723.656
780.956
984.566
755.478
749.561
753.912
764.09
761.45
730.445
746.415
767.838
844.722
1508.89
1108.29
764.333
752.962
733.069
732.643
767.087
747.841
729.438
735.732
762.774
748.073
755.614
766.454
744.128
757.207
757.318
759.151
761.934
1747.92
1491.69
764.463
758.357
755.849
746.046
898.707
732.186
770.047
758.675
774.396
724.503
750.187
775.141
763.251
723.714
783.963
718.97
746.706
750.978
737.988
748.069
782.169
757.93
745.582
754.391
756.587
734.044
752.639
756.558
754.654
1059.37
745.842
747.315
739.587
765.345
756.275
759.324
760.827
761.3
753.52
742.841
754.441
759.839
749.237
1997.14
1097.41
734.514
741.956
732.733
754.36
759.559
743.778
729.15
758.488
735.355
771.407
779.445
758.006
745.346
775.422
726.852
994.829
786.397
767.8
719.993
1351.96
1250.97
759.272
757.902
726.679
731.811
721.252
724.178
757.118
733.744
1172.28
729.941
768.098
714.451
758.017
753.294
745.483
740.87
734.531
769.499
751.392
748.019
930.913
957.403
781.548
1132.77
737.622
742.353
730.131
762.777
753.891
763.305
731.137
727.945
771.309
754.674
762.206
752.159
750.492
739.512
713.733
1064.25
728.232
744.779
755.942
731.258
753.279
761.777
853.52
735.938
754.733
726.36
749.922
744.642
747.895
983.899
2002.92
751.557
731.215
751.763
752.062
756.677
723.167
748.312
733.353
758.091
718.946
734.888
754.579
734.326
751.78
738.094
1086.91
727.12
719.909
738.197
737.648
753.898
741.838
717.436
973.294
1545.6
802.326
734.1
742.767
716.185
756.718
749.03
704.079
733.904
724.509
739.594
755.563
732.916
731.397
717.182
747.986
709.972
741.424
706.622
759
749.538
729.731
712.299
746.542
715.348
709.872
713.709
731.191
757.03
718.87
743.644
750.273
711.714
718.314
743.841
736.903
731.821
751.417
768.538
795.17
732.005
752.278
741.119
738.877
719.011
750.812
707.775
747.163
754.453
744.653
748.341
774.772
724.349
731.069
732.282
1432.42
1416.31
750.751
750.959
729.025
718.971
755.573
751.968
734.049
731.398
717.294
761.892
756.42
710.411
749.814
1081.84
834.043
761.412
739.526
767.28
724.244
767.307
744.585
742.74
