2.46101
3.09824
1.25752
1.96127
1.87506
-1.21036
0
0
0
-4.96445
-0.619526
-0.000152593
-0.000152593
-4.76485
-1.70156
-0.000152593
-0.000152593
0.0161748
0.929289
-0.000152593
-0.000152593
0.017243
-1.14109
-0.000152593
-0.000152593
0.011597
-0.320597
-0.000152593
-0.000152593
0.0126652
-2.39082
-0.000152593
-0.000152593
-4.33927
1.37043
0
0
-4.34156
0.745567
0
0
-4.34385
0.120701
0
0
-4.34614
-0.504318
0
0
-4.34843
-1.12918
0
0
-4.35072
-1.75405
0
0
-4.35301
-2.37892
0
0
0.653859
-2.65221
0
0
0.65157
-3.27708
0
0
0.649281
-3.90194
0
0
0.646992
-4.52681
0
0
0.644704
4.84863
0
0
0.642415
4.22376
0
0
0.640126
3.5989
0
0
0.637837
2.97403
0
0
0.635548
2.34916
0
0
0.633259
1.7243
0
0
0.63097
1.09943
0
0
0.628681
0.474563
0
0
-4.36491
0.20127
0
0
-4.3672
-0.42375
0
0
-4.36949
-1.04862
0
0
-4.37178
-1.67348
0
0
-4.37407
-2.29835
0
0
-4.33729
-2.96228
0
0
-4.33958
-3.58715
0
0
-4.34187
-4.21201
0
0
-4.34416
-4.83688
0
0
-4.34645
4.53856
0
0
-4.34874
3.91369
0
0
0.658132
3.6404
0
0
0.652486
4.46089
0
0
0.653554
2.39067
0
0
0.647908
3.21116
0
0
0.648976
1.14093
0
0
0.64333
1.96142
0
0
0.644398
-0.108951
0
0
-4.35255
1.06326
0
0
0.639821
-1.35868
0
0
-4.35713
-0.186621
0
0
0.635243
-2.60842
0
0
-4.36171
-1.43635
0
0
-4.36064
-3.50658
0
0
-4.36628
-2.68609
0
0
-4.36522
-4.75631
0
0
-4.37086
-3.93582
0
0
-4.36979
3.99426
0
0
0.633717
-4.83398
0
0
-4.37437
2.74453
0
0
0.629139
3.91659
0
0
-4.33988
1.45573
0
0
0.663625
2.6278
0
0
-4.34446
0.206
0
0
0.659047
1.37806
0
0
0.660115
-0.692312
0
0
0.654469
0.12833
0
0
0.655538
-1.94205
0
0
0.649892
-1.12156
0
0
0.65096
-3.19178
0
0
-4.34599
-2.01971
0
0
0.646382
-4.44151
0
0
-4.35057
-3.26945
0
0
0.641804
4.30906
0
0
-4.35514
-4.51918
0
0
-4.35408
3.4109
0
0
-4.35972
4.23139
0
0
-4.35865
2.16117
0
0
-4.3643
2.98166
0
0
-4.36323
0.911435
0
0
-4.36888
1.73193
0
0
-4.36781
-0.33845
0
0
0.635701
0.833766
0
0
-4.37239
-1.58818
0
0
0.631123
-0.41612
0
0
-4.3379
-2.87698
0
0
0.626545
-1.66585
0
0
0.627613
-3.73608
0
0
0.661031
-2.95465
0
0
0.662099
4.97543
0
0
0.656453
-4.20438
0
0
0.657521
3.7257
0
0
-4.33943
4.89776
0
0
0.652944
2.47597
0
0
-4.344
3.64803
0
0
0.648366
1.22623
0
0
-4.34858
2.3983
0
0
-4.34751
0.328074
0
0
-4.35316
1.14856
0
0
-4.35209
-0.921812
0
0
-4.35774
-0.101321
0
0
-4.35667
-2.17154
0
0
-4.36232
-1.35105
0
0
-4.36125
-3.42128
0
0
0.642262
-2.24921
0
0
-4.36583
-4.67101
0
0
0.637684
-3.49895
0
0
-4.3704
4.07956
0
0
0.633106
-4.74868
0
0
0.634175
3.1814
0
0
0.628529
4.00189
0
0
0.629597
1.93167
0
0
0.663015
2.7131
0
0
0.625019
0.681936
0
0
-4.37193
1.854
0
0
0.659505
-0.607013
0
0
-4.33744
0.565203
0
0
0.654927
-1.85675
0
0
-4.34202
-0.684683
0
0
0.650349
-3.10648
0
0
-4.3466
-1.93442
0
0
-4.34553
-4.00464
0
0
-4.35118
-3.18415
0
0
-4.35011
4.74593
0
0
-4.35575
-4.43388
0
0
0.0395215
0.0785852
0.0785852
0.157018
0.157018
0.157018
0.157018
0.157018
0.157018
0.157018
0.157018
0.157018
0.157018
0.157018
0.157018
0.157018
0.157018
0.157018
0.157018
0.157018
0.157018
0.157018
0.157018
0.157018
0.157018
0.157018
0.157018
0.157018
0.157018
0.157018
0.157018
0.157018
0.157018
0.157018
0.157018
0.157018
0.157018
0.157018
0.157018
0.157018
0.157018
0.157018
0.157018
0.157018
0.157018
0.157018
0.157018
0.157018
0.157018
0.157018
0.157018
0.157018
0.157018
0.157018
0.157018
0.157018
0.157018
0.157018
0.157018
0.157018
0.00122074
0
0
0
0
0
0
0
-0.233467
0
0
0
0.00061037
0
0
0
1.25431
0
0
0
0.0402844
0
0
0
0.627155
0
0
0
0.0019837
0
0
0
1.25431
0
0
0
0.0402844
0.0392163
0
0
0.627155
0
0
0
0.0019837
0.0392163
0
0
2.98059
3.28135
2.58995
3.28135
2.6278
3.2551
0.0102237
2.70821
0.01648
4.11664
3.92239
4.45326
2.6278
3.28822
1.92434
2.70806
3.28806
3.01569
1.80502
1.80425
1.73055
1.92145
1.80502
1.80425
1.84378
0
0
0
-2.47887
-1.52348
0
0
1.2891
0
0
0
0
0
0
0
3.46812
-1.07929
-0.957213
0
4.39604
-1.52348
0
0
2.53914
0
0
0
-1.85476
-1.52348
0
0
0.625019
0
0
0
-0.000152593
-0.000152593
0
0
1.88238
1.9216
1.88238
1.88238
1.88238
1.9216
1.88238
1.88238
0.00488296
1.95318
2.55165
3.47667
0
0
0
0
1.2891
0
0
0
-2.1572
-1.07929
-0.957213
0
-2.1572
-1.07929
-0.957213
0
1.25004
0
0
0
1.87506
0
0
0
1.33885
-2.74422
0.11887
-0.507523
-2.49321
-1.36723
0
0
3.77178
-1.52348
0
0
1.89657
-1.52348
0
0
1.87506
0
0
0
3.78918
0
0
0
4.58724
3.92178
4.00052
4.31242
3.91125
4.51079
4.2729
4.35255
2.27058
2.86843
4.11939
4.11649
4.2349
4.78118
3.1399
4.50987
4.39207
4.47096
0.00717185
4.588
4.46043
4.2349
3.83541
4.69619
2.12394
2.11737
1.77435
4.11847
4.58876
1.77358
4.31486
1.85278
4.10855
4.62554
4.50713
1.85247
4.11664
4.31303
4.62554
2.03986
2.19459
4.50926
0
0
2.53914
0
0
0
-3.10373
-1.52348
0
0
0.156255
0
0
0
1.854
3.80657
1.85369
4.27503
1.85278
4.11878
3.80566
1.84301
4.39253
4.35118
1.92572
4.35118
4.17982
0
0
0
0
0
0
0
3.16416
0
0
0
-0.0393689
-0.0393689
2.18757
0
2.8431
-1.07929
-0.957213
0
3.13562
0.285348
-0.957213
0
0.0390637
0
0
0
0
0
0
0
0
0
2.67113
4.54619
3.2577
4.04019
3.96222
4.53139
0
0
0
0
0.0390637
0
0
0
3.16416
0
0
0
0
0
0
0
2.50633
-1.64068
0
0
0
0
0
0
0
0
0
0
0.000305185
0
0
0
0
0
0
0
0
0
0
0
0
0
0
0
0
0
0
0
2.53914
0
0
0
-4.35362
-1.52348
0
0
0.195318
0
-0.957213
0
1.854
3.80657
1.85369
4.27503
1.85278
4.11878
3.80566
1.8479
2.86431
3.25449
2.55074
3.25816
3.80657
3.96069
2.67113
4.54619
3.2577
4.04019
3.96222
4.53139
-2.46101
0
0
0
-0.0393689
-0.0393689
-4.06262
0
4.09314
-1.07929
-0.957213
0
-1.86453
0.285348
-0.957213
0
0.0390637
0
0
0.0390637
0
0
0
0
0
0
0
0
-1.86468
0.285348
-0.957213
0
0
0
0
0
0
0
0
0
0
0
0
0
0
0
0
0
0
0
0
0
0
0
0
0
0.0390637
0
0
0
0
0
0
0
0
0
0
0
0.000305185
0
0
0
0
0
0
0
0
0
0
0
0.0390637
0
0
0
0
0
0
0
0
0
0
0
-2.50008
0
0
0
-3.71105
0
0
0
-0.0393689
-0.0393689
-5.00015
0
-1.53127
-1.07929
-0.957213
0
4.11847
4.11939
3.92163
4.11908
0.0216681
-1.52348
0
0
0
0
0
0
0
0
0
0
0
0
0
0
0
0
0
0
0
0
0
0
0
0
0
0
0
0
0
0
0
0
0
0
-4.97177
-1.08203
-0.957213
0
0
0
0
0
0
0
0
0
0
0
0
0
0
0
0
0
0
0
0
0
0
0
0
0
-3.71105
0
0
0
-0.0393689
-0.0393689
-5.00015
0
-2.78222
-1.07929
-0.957213
0
1.85141
4.54649
1.85202
4.31303
4.53841
3.90637
0
0
-4.97177
-1.08203
-0.957213
0
0
0
0
0
0
0
0
0
0
0
0
0
0
0
0
0
0
0
0
0
0
0
0
0
0
0
0
0
0
0
0
0
0
0
0
0
0
0
0
0
0
0
0
0
-4.97177
-1.08203
-0.957213
0
0
0
0
0
0
0
0
0
-3.71105
0
0
0
-0.0393689
-0.0393689
-5.00015
0
-2.78222
-1.07929
-0.957213
0
1.85141
4.54649
1.85202
4.31303
4.53841
3.90637
0
0
0
0
0
0
0
0
0
0
0
0
0
0
0
0
0
0
-4.97177
-1.08203
-0.957213
0
0
0
0
0
0
0
0
0
0
0
0
0
0
0
0
0
0
0
0
0
0
0
0
0
0
0
0
0
0
0
0
0
0
0
0
0
0
0
0
0
2.54067
0
0
0
-0.0393689
