-1.01779
-1.0593
-1.09775
-1.1301
-1.15452
-1.17176
-1.19083
-1.21357
-1.23447
-1.24485
-1.24912
-1.25614
-1.27049
-1.28285
-1.2888
-1.29337
-1.30772
-1.32633
-1.3361
-1.32618
-1.30787
-1.29383
-1.28895
-1.28208
-1.27033
-1.25721
-1.2505
-1.24363
-1.23157
-1.21479
-1.20701
-1.20975
-1.2154
-1.20899
-1.19297
-1.17588
-1.1681
-1.16642
-1.17008
-1.17725
-1.19144
-1.20594
-1.2154
-1.21464
-1.21113
-1.20838
-1.21036
-1.21174
-1.21281
-1.21128
-1.21036
-1.20914
-1.21128
-1.21326
-1.21357
-1.20838
-1.20563
-1.2125
-1.23218
-1.25004
0
3.16431
0
0
0
-2.78222
-1.07929
-0.957213
0
-2.78222
-1.07929
-0.957213
0
0
0
0
0
0
0
-0.957213
0
-4.34645
2.70745
-0.957213
0
0.390637
0
0
0
0.655385
1.34022
-0.957213
0
0.390637
0
-0.0587481
0
4.40962
-1.52348
0
0
-4.96567
-1.52348
0
0
-4.96567
-1.52348
0
0
0
0
0
0
1.27216
1.37928
-0.957213
0
0
0
0
0
-4.36827
-1.36723
0
0
-3.8908
2.31559
-0.0587481
0
-4.98459
2.31559
-0.0587481
0
-4.68764
0
0
0
0
0
0
0
-3.08603
0
0
0
-2.78222
-1.07929
-0.957213
0
-2.78222
-1.07929
-0.957213
0
0
0
0
0
0
0
0
0
0
0
0
0
0
0
0
0
0
0
0
0
0
0
0
0
0
0
0
0
0
0
0
0
0
0
0
0
3.16416
0
0
0
0.0216681
-1.44536
0
0
-3.71853
-1.32817
0
0
0
0
0
0
0
0
0
0
0
0
0
0
0
0
0
0
0
0
0
0
0
0
0
0
3.12525
0
0
0
0.646992
0.0390637
0
0
-0.0343333
0.0390637
0
0
0
0
0
0
-1.86438
0.285348
-0.957213
0
0
0
0.0390637
0.0390637
3.13105
-3.40999
-0.211188
-0.000152593
0
0
0
0
-0.073397
0.0390637
0
0
0
0
0
0
-1.86453
0.285348
-0.957213
0
0
0
0
0
0
0
0
0
0
0
0
0
-1.86468
0.285348
-0.957213
0
0
0
0
0
0
0
0
0
0
0
0
0
0
0
0
0
0
0
0
0
0
0
0
0
0.0390637
0
0
0
0
0
0
0
0
0
0
0
0.000305185
0
0
0
0
0
0
0
0
0
0
0
0.0390637
0
0
0
0
0
0
0
0
0
0
0
-0.112461
0.0390637
0
0
0
0
0
0
0
0
0
0
0
0
3.94543
0
3.94543
0
0
0
2.53685
-1.52348
0
0
0
0
0
0
0
0
0
0
0
0
3.94543
0
0
0
0
0
-0.151524
0.0390637
0
0
0
0
0
0
0
0
0
0
0
0
0
0
0
0
0
0
2.84936
-1.52348
0
0
2.84936
-1.52348
0
0
2.84936
-1.52348
0
0
0
0
0
0
0
0
0
0
0
0
0
0
0
0
0
0
-4.96338
-1.52348
0
0
-4.96338
-1.52348
0
0
-4.96338
-1.52348
0
0
0
0
0
0
0
0
0
0
0
0
0
0
0
0
0
0
-2.77581
-1.52348
0
0
-2.77581
-1.52348
0
0
-2.77581
-1.52348
0
0
0
0
0
0
0
0
0
0
0
0
0
0
0
0
0
0
-0.588244
-1.52348
0
0
-0.588244
-1.52348
0
0
-0.588244
-1.52348
0
0
0
0
0
0
0
0
0
0
0
0
0
0
0
0
0
0
1.59948
-1.52348
0
0
1.59948
-1.52348
0
0
1.59948
-1.52348
0
0
0
0
0
0
0
0
0
0
0
0
0
0
0
0
0
0
3.78704
-1.52348
0
0
3.78704
-1.52348
0
0
3.78704
-1.52348
0
0
0
0
0
0
0
0
0
0
0
0
0
0
0
0
0
0
-4.0257
-1.52348
0
0
-4.0257
-1.52348
0
0
-4.0257
-1.52348
0
0
0
0
0
0
0
0
0
0
0
0
0
0
0
0
0
0
-1.83813
-1.52348
0
0
-1.83813
-1.52348
0
0
-1.83813
-1.52348
0
0
0
0
0
0
0
0
0
0
0
0
0
0
0
0
0
0
0.34959
-1.52348
0
0
0.34959
-1.52348
0
0
0.34959
-1.52348
0
0
0
0
0
0
0
0
0
0
0
0
0
0
0
0
0
0
2.53716
-1.52348
0
0
2.53716
-1.52348
0
0
2.53716
-1.52348
0
0
0
0
0
0
0
0
0
0
0
0
0
0
0
0
0
0
4.72472
-1.52348
0
0
4.72472
-1.52348
0
0
4.72472
-1.52348
0
0
0
0
0
0
0
0
0
0
0
0
0
0
0
0
0
0
-3.08802
-1.52348
0
0
-3.08802
-1.52348
0
0
-3.08802
-1.52348
0
0
0
0
0
0
0
0
0
0
0
0
0
0
0
0
0
0
-0.900449
-1.52348
0
0
-0.900449
-1.52348
0
0
-0.900449
-1.52348
0
0
0
0
0
0
0
0
0
0
0
0
0
0
0
0
0
0
1.28727
-1.52348
0
0
1.28727
-1.52348
0
0
1.28727
-1.52348
0
0
0
0
0
0
0
0
0
0
0
0
0
0
0
0
0
0
3.47484
-1.52348
0
0
3.47484
-1.52348
0
0
3.47484
-1.52348
0
0
0
0
0
0
0
0
0
0
0
0
0
0
0
0
0
0
-4.3379
-1.52348
0
0
-4.3379
-1.52348
0
0
-4.3379
-1.52348
0
0
0
0
0
0
0
0
0
0
0
0
0
0
0
0
0
0
-2.15033
-1.52348
0
0
-2.15033
-1.52348
0
0
-2.15033
-1.52348
0
0
0
0
0
0
0
0
0
0
0
0
0
0
0
0
0
0
0.0373852
-1.52348
0
0
0.0373852
-1.52348
0
0
0.0373852
-1.52348
0
0
0
0
0
0
0
0
0
0
0
0
0
0
0
0
0
0
2.22495
-1.52348
0
0
2.22495
-1.52348
0
0
2.22495
-1.52348
0
0
0
0
0
0
0
0
0
0
0
0
0
0
0
0
0
0
4.41252
-1.52348
0
0
4.41252
-1.52348
0
0
4.41252
-1.52348
0
0
0
0
0
0
0
0
0
0
0
0
0
0
0
0
0
0
-3.40022
-1.52348
0
0
-3.40022
-1.52348
0
0
-3.40022
-1.52348
0
0
0
0
0
0
0
0
0
0
0
0
0
0
0
0
0
0
-1.21265
-1.52348
0
0
-1.21265
-1.52348
0
0
-1.21265
-1.52348
0
0
0
0
0
0
0
0
0
0
0
0
0
0
0
0
0
0
0.975066
-1.52348
0
0
0.975066
-1.52348
0
0
0.975066
-1.52348
0
0
0
0
0
0
0
0
0
0
0
0
0
0
0
0
0
0
3.16263
-1.52348
0
0
3.16263
-1.52348
0
0
3.16263
-1.52348
0
0
0
0
0
0
0
0
0
0
0
0
0
0
0
0
0
0
-4.65011
-1.52348
0
0
-4.65011
-1.52348
0
0
-4.65011
-1.52348
0
0
0
0
0
0
0
0
0
0
0
0
0
0
0
0
0
0
-2.46254
-1.52348
0
0
-2.46254
-1.52348
0
0
-2.46254
-1.52348
0
0
0
0
0
0
0
0
0
0
0
0
0
0
0
0
0
0
-0.274972
-1.52348
0
0
-0.274972
-1.52348
0
0
-0.274972
-1.52348
0
0
0
0
0
0
0
0
0
0
0
0
0
0
0
0
0
0
1.91275
-1.52348
0
0
1.91275
-1.52348
0
0
1.91275
-1.52348
0
0
0
0
0
0
0
0
0
0
0
0
0
0
0
0
0
0
4.10031
-1.52348
0
0
4.10031
-1.52348
0
0
4.10031
-1.52348
0
0
0
0
0
0
0
0
0
0
0
0
0
0
0
0
0
0
-3.71242
-1.52348
0
0
-3.71242
-1.52348
0
0
-3.71242
-1.52348
0
0
0
0
0
0
0
0
0
0
0
0
0
0
0
0
0
0
-1.52486
-1.52348
0
0
-1.52486
